3 8 10 11 12 13 14 16 21
3 7 10 11 12 13 14 17 21
3 8 9 11 12 13 15 16 21
3 7 9 10 12 14 15 17 21
2 5 7 11 12 13 17 19 22
3 7 8 9 11 13 15 16 17 21
4 8 9 10 11 13 14 15 16 20
3 4 8 10 11 13 14 16 20 21
4 5 6 7 9 12 15 17 18 19 20
3 8 9 10 11 12 13 14 15 16 21
3 7 9 10 11 12 13 14 15 17 21
3 4 9 10 11 12 13 14 15 20 21
3 5 9 10 11 12 13 14 15 19 21
2 6 9 10 11 12 13 14 15 18 22
3 5 7 10 11 12 13 14 17 19 21
2 5 9 10 11 12 13 14 15 19 22
2 3 5 7 11 12 13 17 19 21 22
3 5 7 9 10 12 14 15 17 19 21
