5 6 11 16 17
5 7 10 12 15 17
5 8 10 11 12 14 17
5 9 10 11 12 13 17
5 6 7 11 15 16 17
4 7 10 11 12 15 18
5 6 9 11 13 16 17
4 6 7 11 15 16 18
4 7 9 11 13 15 18
5 6 8 11 14 16 17
5 7 10 11 12 15 17
3 5 8 11 14 17 19
5 6 10 11 12 16 17
5 7 9 10 12 13 15 17
3 8 9 10 12 13 14 19
5 6 7 9 13 15 16 17
4 5 7 9 13 15 17 18
5 8 9 10 12 13 14 17
5 6 8 9 13 14 16 17
5 7 8 10 12 14 15 17
3 5 8 9 13 14 17 19
3 7 9 10 12 13 15 19
3 6 7 9 13 15 16 19
5 7 8 9 13 14 15 17
5 6 7 10 12 15 16 17
5 8 9 10 11 12 13 14 17
4 7 9 10 11 12 13 15 18
3 7 8 9 11 13 14 15 19
5 7 9 10 11 12 13 15 17
5 7 8 10 11 12 14 15 17
5 6 9 10 11 12 13 16 17
3 4 5 7 11 15 17 18 19
3 7 9 10 11 12 13 15 19
5 7 8 9 11 13 14 15 17
3 6 7 9 11 13 15 16 19
5 6 8 9 11 13 14 16 17
4 5 7 9 11 13 15 17 18
3 5 8 9 11 13 14 17 19
5 6 7 10 11 12 15 16 17
5 6 7 8 11 14 15 16 17
4 5 6 8 11 14 16 17 18
3 8 9 10 11 12 13 14 19
5 6 7 9 11 13 15 16 17
5 6 8 10 11 12 14 16 17
3 5 7 8 11 14 15 17 19
