17 19 20 21 23
17 18 20 22 23
12 17 20 23 28
12 15 20 25 28
15 19 20 21 25
18 19 20 21 22
15 18 20 22 25
15 17 20 23 25
16 19 20 21 24
16 17 20 23 24
12 19 20 21 28
13 19 20 21 27
11 19 20 21 29
13 17 20 23 27
15 16 20 24 25
14 19 20 21 26
14 16 20 24 26
16 18 20 22 24
14 18 20 22 26
12 18 20 22 28
4 12 20 28 36
10 12 20 28 30
10 18 20 22 30
10 19 20 21 30
10 16 20 24 30
13 14 20 26 27
12 14 20 26 28
12 16 20 24 28
8 16 20 24 32
6 14 20 26 34
9 11 20 29 31
5 15 20 25 35
8 12 20 28 32
10 15 20 25 30
