19 21 29 31
17 23 27 33
22 23 27 28
18 21 29 32
15 21 29 35
17 19 31 33
15 23 27 35
21 23 27 29
15 22 28 35
18 19 31 32
23 24 26 27
21 24 26 29
19 23 27 31
15 24 26 35
22 24 26 28
20 23 27 30
20 21 29 30
20 24 26 30
21 22 28 29
12 13 37 38
20 22 28 30
19 24 26 31
18 23 27 32
16 24 26 34
18 22 28 32
18 24 26 32
5 15 35 45
10 15 35 40
15 20 30 35
16 18 32 34
16 17 33 34
10 20 30 40
