23 7 9 14 16
23 7 10 11 12 13 16
23 7 9 11 12 14 16
23 7 9 10 13 14 16
23 7 8 11 12 15 16
23 7 8 10 13 15 16
23 6 10 11 12 13 17
23 6 8 11 12 15 17
23 7 8 9 14 15 16
23 6 8 9 14 15 17
23 6 7 10 13 16 17
23 7 9 10 11 12 13 14 16
23 7 8 10 11 12 13 15 16
23 6 8 10 11 12 13 15 17
23 6 9 10 11 12 13 14 17
23 7 8 9 11 12 14 15 16
23 7 8 9 10 13 14 15 16
23 6 8 9 10 13 14 15 17
23 6 8 9 11 12 14 15 17
23 6 7 9 10 13 14 16 17
23 6 7 10 11 12 13 16 17
23 6 7 9 11 12 14 16 17
23 6 7 8 9 14 15 16 17
23 5 6 7 10 13 16 17 18
23 6 7 8 10 13 15 16 17
23 7 8 9 10 11 12 13 14 15 16
23 6 8 9 10 11 12 13 14 15 17
23 6 7 9 10 11 12 13 14 16 17
23 6 7 8 9 10 13 14 15 16 17
23 6 7 8 10 11 12 13 15 16 17
23 6 7 8 9 11 12 14 15 16 17
