23 5 8 10 13 15 18
23 5 9 10 11 12 13 14 18
23 5 8 10 11 12 13 15 18
23 5 6 8 11 12 15 17 18
23 4 9 10 11 12 13 14 19
23 5 6 8 10 13 15 17 18
23 5 7 10 11 12 13 16 18
23 5 7 8 10 13 15 16 18
23 4 6 7 10 13 16 17 19
23 5 7 9 10 13 14 16 18
23 5 6 7 11 12 16 17 18
23 5 8 9 10 13 14 15 18
23 5 7 8 11 12 15 16 18
23 5 6 9 11 12 14 17 18
23 5 7 9 10 11 12 13 14 16 18
23 4 7 9 10 11 12 13 14 16 19
23 5 6 8 9 11 12 14 15 17 18
23 5 6 8 10 11 12 13 15 17 18
23 5 7 8 10 11 12 13 15 16 18
23 5 6 8 9 10 13 14 15 17 18
23 5 8 9 10 11 12 13 14 15 18
23 5 6 9 10 11 12 13 14 17 18
23 5 6 7 9 10 13 14 16 17 18
23 5 6 7 8 10 13 15 16 17 18
23 5 6 7 10 11 12 13 16 17 18
23 4 5 6 7 10 13 16 17 18 19
23 5 7 8 9 11 12 14 15 16 18
23 5 7 8 9 10 13 14 15 16 18
23 5 6 7 9 11 12 14 16 17 18
23 5 6 7 8 11 12 15 16 17 18
