24 8 16
24 11 12 13
24 10 12 14
24 9 12 15
24 8 12 16
24 6 11 13 18
24 10 11 13 14
24 9 10 14 15
24 4 11 13 20
24 4 9 15 20
24 4 6 18 20
24 8 10 14 16
24 8 11 13 16
24 8 9 15 16
24 6 8 16 18
24 7 10 14 17
24 4 10 14 20
24 4 8 16 20
24 10 11 12 13 14
24 9 11 12 13 15
24 9 10 12 14 15
24 5 11 12 13 19
24 4 9 12 15 20
24 4 11 12 13 20
24 7 9 12 15 17
24 8 11 12 13 16
24 8 9 12 15 16
24 8 10 12 14 16
24 5 6 7 17 18 19
24 9 10 11 13 14 15
24 4 5 11 13 19 20
24 4 7 9 15 17 20
24 3 9 10 14 15 21
24 4 6 11 13 18 20
24 3 4 9 15 20 21
24 4 5 7 17 19 20
24 2 9 10 14 15 22
24 6 8 11 13 16 18
24 8 10 11 13 14 16
24 3 8 9 15 16 21
24 8 9 10 14 15 16
24 8 9 11 13 15 16
24 5 7 8 16 17 19
24 7 8 11 13 16 17
24 2 10 11 13 14 22
24 7 10 11 13 14 17
24 4 9 10 14 15 20
24 5 10 11 13 14 19
24 4 10 11 13 14 20
24 4 8 9 15 16 20
24 4 8 11 13 16 20
24 4 6 8 16 18 20
24 4 7 10 14 17 20
24 5 8 11 13 16 19
24 4 7 11 13 17 20
24 7 8 10 14 16 17
24 5 7 10 14 17 19
24 2 8 10 14 16 22
24 4 8 10 14 16 20
24 2 4 10 14 20 22
24 9 10 11 12 13 14 15
24 4 5 11 12 13 19 20
24 4 7 9 12 15 17 20
24 3 5 11 12 13 19 21
24 8 10 11 12 13 14 16
24 8 9 11 12 13 15 16
24 8 9 10 12 14 15 16
24 3 4 5 11 13 19 20 21
24 4 5 6 7 17 18 19 20
24 2 3 9 10 14 15 21 22
24 5 6 7 8 16 17 18 19
24 8 9 10 11 13 14 15 16
24 3 8 9 10 14 15 16 21
24 3 4 9 10 14 15 20 21
24 3 4 8 9 15 16 20 21
24 4 5 7 8 16 17 19 20
24 4 6 8 11 13 16 18 20
24 4 5 10 11 13 14 19 20
24 4 5 7 11 13 17 19 20
24 5 7 8 11 13 16 17 19
24 2 4 9 10 14 15 20 22
24 5 8 10 11 13 14 16 19
24 2 7 10 11 13 14 17 22
24 2 5 10 11 13 14 19 22
24 2 5 7 10 14 17 19 22
24 7 8 10 11 13 14 16 17
24 4 8 10 11 13 14 16 20
24 5 7 10 11 13 14 17 19
24 4 8 9 10 14 15 16 20
24 2 8 9 10 14 15 16 22
24 4 5 7 10 14 17 19 20
24 2 5 7 11 13 17 19 22
24 4 7 10 11 13 14 17 20
24 5 7 8 10 14 16 17 19
24 2 8 10 11 13 14 16 22
24 4 5 8 11 13 16 19 20
24 4 7 8 11 13 16 17 20
24 4 7 8 10 14 16 17 20
24 2 4 10 11 13 14 20 22
24 2 4 8 10 14 16 20 22
24 3 4 5 11 12 13 19 20 21
24 8 9 10 11 12 13 14 15 16
24 4 5 6 7 8 16 17 18 19 20
24 3 4 8 9 10 14 15 16 20 21
24 2 3 8 9 10 14 15 16 21 22
24 2 3 4 9 10 14 15 20 21 22
24 2 4 5 7 11 13 17 19 20 22
24 2 4 5 7 10 14 17 19 20 22
24 4 5 7 8 11 13 16 17 19 20
24 4 5 8 10 11 13 14 16 19 20
24 2 5 7 10 11 13 14 17 19 22
24 2 4 8 9 10 14 15 16 20 22
24 2 5 7 8 11 13 16 17 19 22
24 2 4 5 10 11 13 14 19 20 22
24 2 7 8 10 11 13 14 16 17 22
24 4 5 7 8 10 14 16 17 19 20
24 4 7 8 10 11 13 14 16 17 20
24 1 5 7 10 11 13 14 17 19 23
24 1 4 5 7 11 13 17 19 20 23
24 1 5 7 8 11 13 16 17 19 23
24 4 5 7 10 11 13 14 17 19 20
24 2 5 7 8 10 14 16 17 19 22
24 2 4 8 10 11 13 14 16 20 22
24 2 5 8 10 11 13 14 16 19 22
24 2 4 7 10 11 13 14 17 20 22
24 5 7 8 10 11 13 14 16 17 19
