8 12 14 18
8 10 16 18
8 9 17 18
8 12 13 14 18
8 9 13 17 18
8 10 13 16 18
6 7 9 17 19 20
5 8 12 14 18 21
7 10 11 15 16 19
8 11 12 14 15 18
6 8 9 17 18 20
8 10 11 15 16 18
6 10 11 15 16 20
7 9 12 14 17 19
5 8 9 17 18 21
6 7 10 16 19 20
8 9 11 15 17 18
7 11 12 14 15 19
7 8 10 16 18 19
8 10 12 14 16 18
8 9 12 14 17 18
7 10 12 14 16 19
8 9 10 16 17 18
7 8 11 15 18 19
4 5 9 17 21 22
7 9 10 16 17 19
6 7 12 14 19 20
8 11 12 13 14 15 18
7 10 11 13 15 16 19
8 10 12 13 14 16 18
8 10 11 13 15 16 18
7 10 12 13 14 16 19
7 9 12 13 14 17 19
7 8 10 13 16 18 19
7 11 12 13 14 15 19
8 9 12 13 14 17 18
8 9 11 13 15 17 18
6 10 11 13 15 16 20
8 9 10 13 16 17 18
7 9 10 13 16 17 19
7 8 11 13 15 18 19
5 8 11 12 14 15 18 21
5 6 7 9 17 19 20 21
4 6 7 9 17 19 20 22
6 7 8 9 17 18 19 20
4 6 9 12 14 17 20 22
8 10 11 12 14 15 16 18
5 7 8 9 17 18 19 21
4 5 6 8 18 20 21 22
6 7 10 11 15 16 19 20
5 6 8 9 17 18 20 21
7 10 11 12 14 15 16 19
8 9 11 12 14 15 17 18
7 9 11 12 14 15 17 19
8 9 10 11 15 16 17 18
8 9 10 12 14 16 17 18
4 5 7 9 17 19 21 22
4 5 6 9 17 20 21 22
7 9 10 11 15 16 17 19
7 8 11 12 14 15 18 19
5 8 10 12 14 16 18 21
6 7 9 12 14 17 19 20
7 9 10 12 14 16 17 19
7 8 10 11 15 16 18 19
7 8 10 12 14 16 18 19
7 8 9 12 14 17 18 19
4 5 8 9 17 18 21 22
7 8 9 10 16 17 18 19
7 8 9 11 15 17 18 19
8 10 11 12 13 14 15 16 18
8 9 11 12 13 14 15 17 18
7 9 11 12 13 14 15 17 19
7 10 11 12 13 14 15 16 19
8 9 10 12 13 14 16 17 18
8 9 10 11 13 15 16 17 18
7 9 10 11 13 15 16 17 19
7 8 11 12 13 14 15 18 19
7 8 10 11 13 15 16 18 19
7 9 10 12 13 14 16 17 19
7 8 10 12 13 14 16 18 19
7 8 9 12 13 14 17 18 19
7 8 9 10 13 16 17 18 19
7 8 9 11 13 15 17 18 19
