5 9 10 12 14 15 19
5 7 10 12 14 17 19
5 7 8 12 16 17 19
5 6 7 12 17 18 19
5 8 9 11 13 15 16 19
4 9 10 11 13 14 15 20
3 8 10 11 13 14 16 21
5 6 8 11 13 16 18 19
5 8 9 10 14 15 16 19
5 9 10 11 12 13 14 15 19
5 8 10 11 12 13 14 16 19
5 7 10 11 12 13 14 17 19
5 8 9 11 12 13 15 16 19
3 4 9 10 12 14 15 20 21
4 7 10 11 12 13 14 17 20
5 7 8 11 12 13 16 17 19
5 7 8 9 12 15 16 17 19
2 9 10 11 12 13 14 15 22
3 8 9 10 12 14 15 16 21
4 5 6 7 12 17 18 19 20
2 5 7 9 12 15 17 19 22
5 7 9 10 12 14 15 17 19
5 8 9 10 12 14 15 16 19
4 9 10 11 12 13 14 15 20
5 6 8 11 12 13 16 18 19
4 6 9 11 12 13 15 18 20
5 6 7 11 12 13 17 18 19
5 7 8 10 12 14 16 17 19
5 6 9 11 12 13 15 18 19
5 6 7 10 12 14 17 18 19
5 6 7 8 12 16 17 18 19
5 6 7 9 12 15 17 18 19
2 7 10 11 12 13 14 17 22
5 6 9 10 12 14 15 18 19
3 8 9 10 11 13 14 15 16 21
3 4 9 10 11 13 14 15 20 21
5 7 8 9 11 13 15 16 17 19
5 8 9 10 11 13 14 15 16 19
5 6 8 10 11 13 14 16 18 19
5 6 7 8 11 13 16 17 18 19
4 7 9 10 11 13 14 15 17 20
5 6 7 8 10 14 16 17 18 19
5 7 8 9 10 14 15 16 17 19
5 6 8 9 11 13 15 16 18 19
5 6 8 9 10 14 15 16 18 19
5 7 9 10 11 12 13 14 15 17 19
5 6 9 10 11 12 13 14 15 18 19
5 8 9 10 11 12 13 14 15 16 19
5 7 8 9 11 12 13 15 16 17 19
5 6 8 10 11 12 13 14 16 18 19
5 6 7 10 11 12 13 14 17 18 19
4 7 9 10 11 12 13 14 15 17 20
5 7 8 10 11 12 13 14 16 17 19
5 6 7 8 9 12 15 16 17 18 19
5 6 8 9 11 12 13 15 16 18 19
5 6 8 9 10 12 14 15 16 18 19
5 7 8 9 10 12 14 15 16 17 19
5 6 7 8 11 12 13 16 17 18 19
5 6 7 9 11 12 13 15 17 18 19
5 6 7 9 10 12 14 15 17 18 19
5 6 7 8 10 12 14 16 17 18 19
