11 12 13 14 15 16 17
10 12 13 14 15 16 18
10 11 12 14 16 17 18
10 11 13 14 15 17 18
9 11 13 14 15 17 19
9 12 13 14 15 16 19
9 11 12 14 16 17 19
2 6 10 14 18 22 26
8 11 13 14 15 17 20
6 10 13 14 15 18 22
5 11 13 14 15 17 23
6 7 10 14 18 21 22
7 11 13 14 15 17 21
7 12 13 14 15 16 21
7 9 13 14 15 19 21
7 11 12 14 16 17 21
7 10 13 14 15 18 21
7 10 12 14 16 18 21
9 10 13 14 15 18 19
9 10 11 14 17 18 19
8 11 12 14 16 17 20
6 9 10 14 18 19 22
6 10 11 14 17 18 22
6 11 13 14 15 17 22
8 12 13 14 15 16 20
9 10 12 14 16 18 19
8 10 13 14 15 18 20
8 10 11 14 17 18 20
8 9 12 14 16 19 20
5 9 13 14 15 19 23
8 9 10 14 18 19 20
8 10 12 14 16 18 20
5 9 11 14 17 19 23
6 8 9 14 19 20 22
6 8 13 14 15 20 22
5 6 9 14 19 22 23
5 8 9 14 19 20 23
5 9 12 14 16 19 23
3 10 11 14 17 18 25
7 9 10 14 18 19 21
7 8 12 14 16 20 21
7 8 10 14 18 20 21
5 11 12 14 16 17 23
6 8 11 14 17 20 22
4 10 12 14 16 18 24
6 8 10 14 18 20 22
8 9 11 14 17 19 20
6 9 13 14 15 19 22
5 10 13 14 15 18 23
6 10 12 14 16 18 22
5 9 10 14 18 19 23
4 5 9 14 19 23 24
4 6 10 14 18 22 24
6 8 12 14 16 20 22
4 8 12 14 16 20 24
7 10 11 14 17 18 21
7 9 12 14 16 19 21
5 7 9 14 19 21 23
6 7 8 14 20 21 22
