5 6 16 17 27 28
14 15 16 17 18 19
13 15 16 17 18 20
13 14 15 18 19 20
8 13 14 19 20 25
12 15 16 17 18 21
12 14 16 17 19 21
12 14 15 18 19 21
12 13 16 17 20 21
10 12 14 19 21 23
7 12 15 18 21 26
8 9 14 19 24 25
8 12 14 19 21 25
8 10 14 19 23 25
12 13 14 19 20 21
8 9 13 20 24 25
9 13 14 19 20 24
13 14 16 17 19 20
10 14 16 17 19 23
10 12 15 18 21 23
9 13 16 17 20 24
12 13 15 18 20 21
10 12 16 17 21 23
10 15 16 17 18 23
8 14 15 18 19 25
11 15 16 17 18 22
11 13 14 19 20 22
11 12 14 19 21 22
11 14 16 17 19 22
11 13 16 17 20 22
11 14 15 18 19 22
11 13 15 18 20 22
11 12 15 18 21 22
10 12 13 20 21 23
9 12 16 17 21 24
8 14 16 17 19 25
9 14 15 18 19 24
9 13 15 18 20 24
9 12 13 20 21 24
9 15 16 17 18 24
10 13 16 17 20 23
10 13 14 19 20 23
10 13 15 18 20 23
8 13 16 17 20 25
9 10 13 20 23 24
8 15 16 17 18 25
8 10 16 17 23 25
7 8 14 19 25 26
7 13 14 19 20 26
9 12 15 18 21 24
6 8 14 19 25 27
7 8 15 18 25 26
7 10 16 17 23 26
10 11 12 21 22 23
8 12 13 20 21 25
9 10 14 19 23 24
8 9 16 17 24 25
6 12 15 18 21 27
10 11 13 20 22 23
9 11 15 18 22 24
8 11 14 19 22 25
