22 23 26 27
22 24 25 27
20 24 25 29
21 22 27 28
21 23 26 28
21 24 25 28
20 22 27 29
19 23 26 30
23 24 25 26
18 24 25 31
19 22 27 30
19 20 29 30
16 17 32 33
14 21 28 35
